<?xml version="1.0" encoding="UTF-8" standalone="no"?> <svg width="64" height="64" viewBox="0 0 64 64" fill="none" xmlns="http://www.w3.org/2000/svg">
<path d="M61.5 24V56C61.4974 57.4579 60.917 58.8553 59.8862 59.8862C58.8553 60.9171 57.4579 61.4974 56 61.5H8C6.54212 61.4974 5.14471 60.9171 4.11383 59.8862C3.08295 58.8553 2.50264 57.4579 2.5 56V8.00004C2.50264 6.54216 3.08295 5.14475 4.11383 4.11387C5.14471 3.08299 6.54212 2.50268 8 2.50004H44C44.2367 2.49833 44.4703 2.5538 44.681 2.66174C44.8916 2.76969 45.0731 2.92691 45.21 3.12004L61.21 23.06C61.4068 23.3332 61.5087 23.6634 61.5 24V24Z" fill="#ACB3BA"/>
<path d="M50.79 32V61.5H13.21V32C13.21 31.6022 13.368 31.2206 13.6493 30.9393C13.9306 30.658 14.3121 30.5 14.71 30.5H49.29C49.6878 30.5 50.0693 30.658 50.3506 30.9393C50.6319 31.2206 50.79 31.6022 50.79 32Z" fill="#275996"/>
<path d="M38.07 2.5V14.14C38.07 14.5378 37.9119 14.9194 37.6306 15.2007C37.3493 15.482 36.9678 15.64 36.57 15.64H14.71C14.3121 15.64 13.9306 15.482 13.6493 15.2007C13.368 14.9194 13.21 14.5378 13.21 14.14V2.5H38.07Z" fill="#275996"/>
<path d="M23.6399 40.3599H40.3599C40.7577 40.3599 41.1393 40.2018 41.4206 39.9205C41.7019 39.6392 41.8599 39.2577 41.8599 38.8599C41.8599 38.462 41.7019 38.0805 41.4206 37.7992C41.1393 37.5179 40.7577 37.3599 40.3599 37.3599H23.6399C23.2421 37.3599 22.8605 37.5179 22.5792 37.7992C22.2979 38.0805 22.1399 38.462 22.1399 38.8599C22.1399 39.2577 22.2979 39.6392 22.5792 39.9205C22.8605 40.2018 23.2421 40.3599 23.6399 40.3599Z" fill="#E6E6E6"/>
<path d="M40.3599 44.3599H23.6399C23.2421 44.3599 22.8605 44.5179 22.5792 44.7992C22.2979 45.0805 22.1399 45.462 22.1399 45.8599C22.1399 46.2577 22.2979 46.6392 22.5792 46.9205C22.8605 47.2018 23.2421 47.3599 23.6399 47.3599H40.3599C40.7577 47.3599 41.1393 47.2018 41.4206 46.9205C41.7019 46.6392 41.8599 46.2577 41.8599 45.8599C41.8599 45.462 41.7019 45.0805 41.4206 44.7992C41.1393 44.5179 40.7577 44.3599 40.3599 44.3599Z" fill="#E6E6E6"/>
<path d="M40.3599 51.3599H23.6399C23.2421 51.3599 22.8605 51.5179 22.5792 51.7992C22.2979 52.0805 22.1399 52.462 22.1399 52.8599C22.1399 53.2577 22.2979 53.6392 22.5792 53.9205C22.8605 54.2018 23.2421 54.3599 23.6399 54.3599H40.3599C40.7577 54.3599 41.1393 54.2018 41.4206 53.9205C41.7019 53.6392 41.8599 53.2577 41.8599 52.8599C41.8599 52.462 41.7019 52.0805 41.4206 51.7992C41.1393 51.5179 40.7577 51.3599 40.3599 51.3599V51.3599Z" fill="#E6E6E6"/>
<path d="M61.5 24C61.4972 23.6588 61.3811 23.3281 61.17 23.06L45.17 3.12C45.0371 2.93234 44.862 2.77849 44.6588 2.6708C44.4556 2.56312 44.2299 2.50462 44 2.5H8C6.54212 2.50264 5.14471 3.08295 4.11383 4.11383C3.08295 5.14471 2.50264 6.54212 2.5 8V56C2.50264 57.4579 3.08295 58.8553 4.11383 59.8862C5.14471 60.917 6.54212 61.4974 8 61.5H56C57.4579 61.4974 58.8553 60.917 59.8862 59.8862C60.917 58.8553 61.4974 57.4579 61.5 56V24ZM16.21 5.5H35.07V12.64H16.21V5.5ZM47.79 58.5H16.21V33.5H47.79V58.5ZM58.5 56C58.5 56.663 58.2366 57.2989 57.7678 57.7678C57.2989 58.2366 56.663 58.5 56 58.5H50.79V32C50.79 31.6022 50.632 31.2206 50.3507 30.9393C50.0694 30.658 49.6878 30.5 49.29 30.5H14.71C14.3122 30.5 13.9306 30.658 13.6493 30.9393C13.368 31.2206 13.21 31.6022 13.21 32V58.5H8C7.33696 58.5 6.70107 58.2366 6.23223 57.7678C5.76339 57.2989 5.5 56.663 5.5 56V8C5.5 7.33696 5.76339 6.70107 6.23223 6.23223C6.70107 5.76339 7.33696 5.5 8 5.5H13.21V14.14C13.21 14.5378 13.368 14.9194 13.6493 15.2007C13.9306 15.482 14.3122 15.64 14.71 15.64H36.57C36.9678 15.64 37.3494 15.482 37.6307 15.2007C37.912 14.9194 38.07 14.5378 38.07 14.14V5.5H43.28L58.5 24.5V56Z" fill="black"/>
<path d="M23.6399 40.3599H40.3599C40.7577 40.3599 41.1393 40.2018 41.4206 39.9205C41.7019 39.6392 41.8599 39.2577 41.8599 38.8599C41.8599 38.462 41.7019 38.0805 41.4206 37.7992C41.1393 37.5179 40.7577 37.3599 40.3599 37.3599H23.6399C23.2421 37.3599 22.8605 37.5179 22.5792 37.7992C22.2979 38.0805 22.1399 38.462 22.1399 38.8599C22.1399 39.2577 22.2979 39.6392 22.5792 39.9205C22.8605 40.2018 23.2421 40.3599 23.6399 40.3599Z" fill="black"/>
<path d="M23.6399 47.3599H40.3599C40.7577 47.3599 41.1393 47.2018 41.4206 46.9205C41.7019 46.6392 41.8599 46.2577 41.8599 45.8599C41.8599 45.462 41.7019 45.0805 41.4206 44.7992C41.1393 44.5179 40.7577 44.3599 40.3599 44.3599H23.6399C23.2421 44.3599 22.8605 44.5179 22.5792 44.7992C22.2979 45.0805 22.1399 45.462 22.1399 45.8599C22.1399 46.2577 22.2979 46.6392 22.5792 46.9205C22.8605 47.2018 23.2421 47.3599 23.6399 47.3599Z" fill="black"/>
<path d="M23.6399 54.3599H40.3599C40.7577 54.3599 41.1393 54.2018 41.4206 53.9205C41.7019 53.6392 41.8599 53.2577 41.8599 52.8599C41.8599 52.462 41.7019 52.0805 41.4206 51.7992C41.1393 51.5179 40.7577 51.3599 40.3599 51.3599H23.6399C23.2421 51.3599 22.8605 51.5179 22.5792 51.7992C22.2979 52.0805 22.1399 52.462 22.1399 52.8599C22.1399 53.2577 22.2979 53.6392 22.5792 53.9205C22.8605 54.2018 23.2421 54.3599 23.6399 54.3599V54.3599Z" fill="black"/>
</svg>
